lineClears,score,level
2,1520,18
5,4180,18
8,10260,18
7,25460,18
10,27360,18
29,47500,18
15,51300,18
17,52820,18
23,58140,18
25,60040,18
21,75620,18
23,77520,18
21,79040,18
41,96900,18
24,98040,18
27,100320,18
27,103360,18
31,103740,18
21,114760,18
32,123500,18
41,132240,18
39,133380,18
44,137180,18
39,148580,18
42,152000,18
48,157320,18
37,166440,18
53,166820,18
40,169480,18
49,177460,18
50,178220,18
44,191900,18
46,193800,18
54,200640,18
59,204440,18
59,205200,18
57,205960,18
59,208240,18
66,210140,18
56,221540,18
66,236740,18
72,237880,18
71,240540,18
57,242820,18
75,244340,18
60,250800,18
69,252700,18
89,255740,18
70,259160,18
61,264480,18
81,264480,18
70,274740,18
74,285380,18
65,286900,18
68,292980,18
83,293740,18
70,294500,18
74,295640,18
74,314640,18
89,315400,18
83,322240,18
86,323760,18
89,330980,18
74,333260,18
88,338580,18
85,343140,18
88,346180,18
86,346560,18
89,349980,18
99,365180,18
89,365940,18
89,366320,18
89,366320,18
89,368980,18
89,369360,18
89,369360,18
89,384560,18
89,384940,18
89,388360,18
111,391400,18
121,397100,18
89,404320,18
97,411540,18
89,424460,18
111,426740,18
125,444220,18
132,465260,19
126,470440,18
134,470600,19
142,484400,20
147,486620,20
120,488680,18
145,504900,20
134,506000,19
154,514620,21
155,525760,21
135,526120,19
152,528420,21
165,544620,22
133,545300,19
149,546660,20
147,547200,20
155,549960,21
142,553420,20
157,576620,21
147,578180,20
164,585920,22
140,587440,20
155,588020,21
164,593980,22
139,602620,19
166,610700,22
157,611020,21
169,615960,22
180,617160,24
169,620320,22
166,624140,22
156,629220,21
178,629280,23
167,629340,22
178,631020,23
162,634500,22
156,637380,21
162,641960,22
172,654120,23
154,684440,21
175,693060,23
194,701980,25
185,704140,24
180,709760,24
182,713040,24
190,715400,25
211,724040,27
191,735600,25
203,737060,26
172,742960,23
184,746760,24
193,767700,25
212,789920,27
203,790060,26
205,792080,26
182,799320,24
194,805380,25
207,815000,26
184,815360,24
200,817800,26
198,826740,25
233,835360,29
206,853100,26
206,856440,26
205,860180,26
218,862280,27
230,866560,29
220,882740,28
206,883600,26
211,897000,27
201,897700,26
230,898880,29
230,901300,29
230,904260,29
233,905220,29
232,906600,29
234,908560,29
231,909120,29
231,910140,29
215,916320,27
230,918580,29
219,919400,27
231,920620,29
213,920780,27
234,921220,29
231,926600,29
233,929640,29
233,933840,29
230,933960,29
231,939640,29
231,942700,29
231,944260,29
230,947260,29
230,951280,29
230,952120,29
232,956820,29
233,957440,29
233,959480,29
231,960000,29
232,964200,29
232,964400,29
230,966440,29
230,967420,29
230,969140,29
233,971840,29
230,972580,29
230,973280,29
234,973900,29
230,975180,29
226,975460,28
230,975640,29
233,980540,29
233,982080,29
230,983080,29
231,984840,29
233,985880,29
234,988340,29
232,989360,29
231,990540,29
233,991380,29
231,993080,29
233,993580,29
230,994840,29
230,995260,29
230,995400,29
233,995680,29
232,996800,29
230,997160,29
231,997200,29
226,998940,28
232,999340,29
233,1002280,29
233,1005580,29
230,1006400,29
232,1006760,29
230,1006980,29
230,1007960,29
233,1010280,29
232,1010300,29
232,1011460,29
235,1018000,29
232,1018520,29
233,1025020,29
230,1031020,29
230,1034160,29
234,1036280,29
231,1050280,29
232,1050680,29
231,1055760,29
233,1057640,29
232,1059260,29
230,1062040,29
230,1070620,29
230,1070680,29
231,1071240,29
231,1071940,29
231,1072880,29
230,1081620,29
233,1082020,29
230,1084000,29
231,1093760,29
232,1096300,29
232,1097140,29
232,1125960,29
