lineClears,score,level
15,31540,18
13,69160,18
53,199120,18
58,223820,18
59,262580,18
70,274740,18
71,311980,18
84,380760,18
88,404320,18
154,590080,21
157,610920,21
157,627660,21
149,634880,20
153,660160,21
164,698960,22
191,789000,25
182,797620,24
208,813420,26
188,862860,24
204,915220,26
206,971220,26
232,973680,29
230,975560,29
230,975960,29
230,991140,29
232,992840,29
232,993880,29
234,998040,29
235,1012480,29
234,1013040,29
230,1015740,29
233,1017320,29
231,1017560,29
232,1021220,29
233,1022880,29
235,1027100,29
235,1029720,29
235,1031060,29
230,1033140,29
236,1035220,29
233,1035880,29
236,1040120,29
232,1040180,29
234,1041820,29
234,1043460,29
234,1046660,29
234,1047120,29
232,1048040,29
232,1050720,29
231,1052180,29
232,1053140,29
230,1053600,29
234,1055400,29
231,1055480,29
232,1055600,29
232,1055740,29
231,1057360,29
234,1057940,29
237,1057960,29
234,1058700,29
235,1059920,29
230,1060020,29
236,1060800,29
231,1062420,29
230,1062780,29
232,1062940,29
233,1062980,29
234,1063180,29
238,1065840,29
233,1067620,29
231,1068940,29
232,1069860,29
230,1069980,29
228,1070340,28
233,1072700,29
234,1073220,29
232,1075500,29
238,1077120,29
231,1077160,29
231,1077620,29
234,1077800,29
230,1078800,29
232,1078920,29
232,1080660,29
233,1081840,29
232,1084100,29
233,1084460,29
234,1084560,29
230,1084940,29
240,1085000,30
233,1085900,29
232,1087840,29
232,1088720,29
237,1092480,29
233,1092700,29
233,1092760,29
237,1093400,29
235,1095080,29
233,1095460,29
235,1095700,29
240,1096060,30
234,1098680,29
230,1099220,29
231,1101160,29
232,1101260,29
235,1101960,29
233,1104080,29
235,1104880,29
233,1105000,29
231,1106120,29
232,1106140,29
233,1107560,29
231,1107720,29
230,1107980,29
232,1108320,29
230,1109960,29
241,1110260,30
233,1110980,29
231,1111740,29
238,1112120,29
234,1112400,29
232,1112400,29
236,1112700,29
237,1113380,29
236,1113500,29
230,1114880,29
234,1115600,29
236,1115940,29
230,1116280,29
238,1118200,29
232,1118720,29
236,1118940,29
232,1119440,29
231,1119940,29
232,1120560,29
233,1121760,29
233,1122020,29
231,1122060,29
237,1122140,29
231,1122940,29
230,1123200,29
236,1125360,29
233,1125760,29
231,1127280,29
231,1127320,29
236,1127320,29
233,1128520,29
237,1129440,29
237,1129880,29
230,1130760,29
233,1131060,29
232,1131760,29
241,1132300,30
231,1132360,29
235,1132960,29
235,1134640,29
234,1134740,29
232,1135080,29
237,1135720,29
230,1136460,29
236,1136860,29
238,1137240,29
231,1137660,29
233,1137840,29
235,1140300,29
236,1140380,29
233,1140640,29
238,1140940,29
231,1142060,29
238,1145220,29
240,1147540,30
230,1148360,29
232,1148800,29
235,1149360,29
238,1150200,29
233,1151140,29
231,1151180,29
231,1152740,29
240,1153280,30
237,1153480,29
231,1153880,29
234,1154140,29
234,1155880,29
230,1155920,29
232,1155960,29
239,1160520,29
231,1161060,29
235,1161560,29
237,1162320,29
233,1162660,29
231,1163160,29
236,1163240,29
237,1164260,29
232,1166080,29
233,1166120,29
243,1167020,30
234,1167680,29
239,1168240,29
233,1169020,29
244,1169220,30
230,1169520,29
240,1169840,30
241,1170400,30
235,1171880,29
235,1172780,29
234,1174000,29
231,1174340,29
236,1176420,29
230,1178260,29
240,1178740,30
238,1179680,29
236,1180640,29
235,1182220,29
246,1182640,30
242,1183080,30
234,1185280,29
238,1185720,29
232,1186520,29
231,1186980,29
237,1187060,29
233,1190200,29
233,1190640,29
234,1190780,29
236,1190860,29
243,1191900,30
236,1195480,29
233,1197860,29
236,1198020,29
239,1198280,29
244,1202840,30
232,1203000,29
237,1204820,29
231,1206700,29
236,1207280,29
234,1208880,29
241,1210500,30
236,1210740,29
235,1211020,29
236,1213640,29
231,1214820,29
233,1225880,29
238,1228140,29
233,1228540,29
244,1238560,30
239,1238760,29
245,1240940,30
240,1257840,30
236,1267240,29
232,1267800,29
248,1289340,30
